381620
394486
444170
449127
456886
462974
467809
468751
475531
500563
530463
536057
557658
593821
594405
613679
638433
646591
647148
649198
650062
650268
650273
659703
665426
667370
669120
670946
673974
686364
691422
691723
693366
694109
697535
702153
706272
706947
707457
711323
716157
717999
719448
719473
724205
724730
725876
725899
728520
729482
729608
733495
733998
734086
734107
734232
734512
737150
737194
737203
740723
741723
742262
742308
742441
744083
747095
748952
749784
749801
750782
751966
752066
752558
752643
753146
753544
753947
754172
754268
754550
755023
755042
755151
755176
755764
755994
755998
757124
757254
757309
757667
757754
757773
757800
760845
762214
762907
763379
764899
765539
766623
767272
767311
767924
767933
767969
767991
768216
768956
769648
769782
772543
775192
775852
776498
776544
776583
776731
777318
777988
779076
780595
781022
781128
781155
781170
781194
781665
782131
783559
784088
784091
784157
784267
784281
784535
784596
784924
785018
785407
786160
786201
786204
786210
786273
786393
786637
787334
788322
788341
788667
788714
788733
789563
789566
789691
790225
790998
791651
791870
791919
792014
793704
795110
796373
796764
796965
797101
797583
798362
798463
798485
798505
798531
799409
799456
800406
800878
801478
802552
802654
803216
803592
804087
804088
804261
804527
804567
804636
804743
804932
804953
805046
805049
805224
805885
806114
806461
806781
806984
807009
807040
807056
807066
807072
807101
807107
807123
807126
807127
807128
807143
807159
807169
807175
807201
807223
807363
807474
807591
807633
807640
807655
807659
807686
807710
807894
807927
807930
807961
807994
807995
808033
808411
808871
808924
809999
